90
513 8710 4110 1046 3611 2588 8733 6174 2594 37 6185 9772 51 54 2627 3152 8280 8284 96 615 3177 123 1149 4222 8329 6291 7316 6806 8858 5275 6304 8868 6832 5297 6328 3257 6853 8913 8916 214 6878 7398 743 7919 5363 5246 4649 2809 6396 7941 3338 2841 1306 7453 3709 2339 9513 7982 4402 2270 1337 315 7484 2102 843 2383 1878 4445 4447 7483 3437 6001 4473 5512 8093 2468 2983 3505 7102 4857 7130 3042 7651 9190 2812 7079 1005 1526 3577 5629
9
g f k j l n r u y
1526
63
513 7941 8710 5512 8329 3338 4110 3437 6291 1046 2841 2102 7453 3611 1337 2594 2339 8868 37 7079 9513 7982 8733 6832 4402 51 54 3177 6328 3257 7483 7102 6304 6853 2383 3152 7651 8916 214 4473 8280 2468 5629 8284 4445 6878 4447 315 9190 7398 615 8093 2812 2983 1005 3709 6001 6185 4857 123 6396 1149 4222
203
4110 j 3152
7453 g 3505
123 y 8284
6291 f 7398
7453 u 2468
8093 k 54
123 r 1005
3338 l 3042
9513 k 8093
3611 f 6304
843 u 843
6396 f 8913
5363 j 9190
7398 r 6806
8329 k 615
8913 r 4222
2594 r 1306
6185 u 3709
96 r 6001
8858 j 8733
4222 l 9772
7079 k 7941
1337 n 6185
3257 j 6185
9190 l 8280
7316 j 2270
2339 j 8913
2270 j 4402
5275 k 6832
7484 u 8858
214 f 51
5275 y 51
6174 r 2983
3177 g 3437
2468 j 4110
6328 u 2627
8916 l 4445
4649 k 6304
1526 k 5629
9513 n 3611
2468 y 615
3338 g 7919
615 y 1046
8733 j 8868
2270 r 3152
4649 j 1878
2627 f 5297
8093 n 7982
9190 n 54
4649 f 54
7130 n 8710
8913 g 743
2841 g 6174
7982 l 3338
5363 n 4649
8329 j 7130
1149 n 1005
6185 g 3709
6832 f 2588
8858 u 2841
7079 u 4445
4447 j 315
315 u 9772
6396 j 4402
6001 f 7453
6806 n 2588
8868 l 8868
3177 j 54
3611 j 1878
4857 u 5275
3257 n 4402
3152 r 5297
4222 g 1526
1526 y 8280
3177 u 7941
7982 r 4447
2468 r 3577
4857 n 5512
615 f 5275
96 f 1337
8284 n 3177
1149 l 3338
1005 r 1005
2588 l 2588
7484 f 315
2588 g 37
843 l 8284
2102 u 8916
8733 f 2102
3257 g 4110
6174 u 4222
4857 r 743
743 y 7079
6291 n 8858
6185 j 7316
7651 g 3177
2594 n 9190
7453 n 5297
2270 l 3437
3709 l 8858
2627 y 7130
4649 u 4222
2841 f 6853
3709 k 1005
8733 u 5246
3709 j 37
6185 k 2339
6304 k 2468
5297 l 8710
5512 g 1306
2383 n 8280
2812 y 3177
4857 k 6174
8868 u 2594
5629 u 7982
1046 n 6185
6291 y 1046
7079 r 4649
6396 n 51
6878 k 4402
8710 y 123
2812 k 1005
3042 n 8284
3437 u 54
9513 r 7079
4222 f 2812
6328 k 2809
1337 k 3577
6328 r 4222
5275 u 8858
2983 k 6806
1005 y 2841
96 u 7484
7483 y 3577
1005 n 5512
315 r 2102
2594 k 51
4857 f 7484
3177 y 3177
4402 k 9772
743 u 6878
2627 n 2383
8093 f 7079
6291 r 8916
2841 l 4473
3611 y 7483
7079 l 7941
3611 r 6304
615 r 1878
1306 l 7130
54 k 4857
8913 n 7919
6832 g 9190
1005 l 6853
8916 y 8733
6396 k 6185
2809 f 8284
54 y 7941
6878 r 1878
5246 k 3257
7130 f 2627
2339 f 8916
6291 k 6878
4110 y 214
6878 y 3177
3709 g 4402
3152 j 8329
3709 n 5363
214 l 1526
7941 g 513
6174 f 7398
4473 y 4110
4222 j 3505
8868 y 3437
3505 y 6832
6853 n 7102
3577 u 1878
1005 u 2809
8858 g 7130
7102 y 7919
51 r 2102
9513 l 7651
123 n 2983
4445 u 2812
4473 n 54
8280 r 2841
7483 u 8280
6328 g 8093
8329 r 7483
7130 r 5363
7484 y 9190
7982 j 3152
513 y 6396
9772 u 7651
615 n 2983
2383 u 96
4447 r 8093
96 y 8913
9772 g 1149
2812 g 1878
2102 k 7651
1046 g 6185
6396 g 6291
10
g
f
k
j
l
n
r
u
y
gg
